p.index	average	peak	mymodel2$cluster	cluster
1	0.687964104	3.925	15.23	5
2	0.604759142	2.227	17.08	1
3	0.396182568	0.851759221	9.23	3
4	0.300798581	1.02	11.21	3
5	0.228085517	1.228	12.77	4
6	0.593244244	1.943	10.56	1
7	0.655446058	1.674	11.36	2
8	0.381552716	0.966770492	9.402	3
9	0.612299194	1.977	12.18	1
10	0.409800156	2.194	16.2	1
11	0.507852094	0.866481557	8.87	3
12	0.436924382	1.153	13.04	3
13	0.348379551	1.358	10.36	3
14	0.174307168	1.019	9.11	4
15	0.47347159	2.268	13.58	1
16	0.489844241	2.242	12.08	1
17	0.596988921	1.424	11.45	2
18	0.373378243	0.829990209	8.9	3
19	0.184717458	0.747348361	13.53	4
20	0.242490108	0.807540984	7.19	4
21	0.282183626	1.05	9.86	4
22	0.02251391	0.572892304	9.56	4
23	0.468943015	0.967298156	10.03	3
24	-0.329850101	0.73307434	6.88	4
25	0.118243159	0.927338684	11.38	4
26	0.361864141	2.407	15.9	1
27	0.351595215	1.687	13.98	3
28	0.319257795	1.652	13.39	3
29	0.611681571	2.614	12.97	1
30	0.536740008	0.963766735	10.26	2
31	0.169444527	0.361014828	3.32	4
32	0.316778522	0.965453438	9.6	3
33	0.283173845	1.36	10.35	3
34	0.458895483	1.963	13.38	1
35	0.637628453	1.43	9.96	2
36	0.460962279	1.506	11.96	3
37	0.45270903	2.252	14.61	1
38	0.382869058	0.658004212	9.09	3
39	0.489027536	1.089	16.051	3
40	0.52989718	1.839	14.89	1
41	0.482597595	1.402	9.631	3
42	0.209684273	0.835622951	9.31	4
43	0.555140194	0.778804645	4.58	2
44	0.110332497	0.329791325	7.67	4
45	0.299369995	1.754	14.02	3
46	0.272618298	1.061	9.43	4
47	0.512740472	0.968637864	7.34	3
48	0.431010546	1.026	11.33	3
49	0.213044784	0.466217896	8.58	4
50	0.584552285	0.947870674	11.73	2
51	0.50665391	2.061	13.95	1
52	0.264044839	1.058	11.99	4
53	0.374447366	1.249	8.73	3
54	0.50071748	1.677	16.43	1
55	0.381004379	1.502	10.59	3
56	0.614401029	2.754	14.8	5
57	0.524545437	3.12	16.28	5
58	0.679267469	1.33	7.33	2
59	0.63146895	5.278	27.31	5
60	0.196427694	0.687920993	7.13	4
61	0.56060136	1.51	13.64	2
62	0.308461863	1.08	11.39	3
63	0.40676748	0.745076617	18.49	3
64	0.322154823	0.937600524	15.1	3
65	0.527664118	1.738	17.05	1
66	0.553776026	2.319	17.12	1
67	0.447021073	0.342397199	7.53	3
68	0.56895728	3.022	13.83	5
69	0.425533022	1.076	10.59	3
70	0.477355528	1.464	14.24	3
71	0.76927341	1.825	14.81	2
72	0.362761207	0.687544058	6.81	3
73	0.736350052	1.423	8.74	2
74	0.467460467	3.507	28.33	5
75	0.203642121	0.06454383	2.551	4
76	0.331182616	1.121	15.85	3
77	0.494288652	2.351	15.71	1
78	0.348757268	1.14	10.47	3
79	0.523935057	3.166	18.27	5
80	0.771347815	4.201	16.48	5
81	0.349599547	1.434	9.99	3
82	0.376987693	2.975	16.9	1
83	0.463045999	1.916	14.72	1
84	0.673101482	1.327	11.05	2
85	0.615289423	1.289	8.19	2
86	0.776633043	1.346	7.895	2
87	0.51506221	2.625	18.05	1
88	0.517097236	2.964	16.3	5
89	0.435379202	1.277	8.76	3
90	0.385075779	1.725	10.76	3
91	0.442809693	1.689	11.78	3
92	0.571158926	1.598	7.83	2
93	0.504288848	1.63	13.86	1
94	0.462097509	1.566	13.49	3
95	0.634058438	0.964447063	9.45	2
96	0.215846887	0.568955032	9.79	4
97	0.204560882	1.805	16.31	4
98	0.197577094	0.935877049	14.39	4
99	0.253186591	1.421	13.12	4
100	0.485721855	2.167	14.63	1
101	0.640125072	2.341	14.26	1
102	0.43448566	2.194	17.93	1
103	0.343560846	1.653	13.45	3
104	0.103144849	1.359	12.1	4
105	0.654036219	3.475	17.22	5
106	0.320122684	1.962	13.56	3
107	0.492072951	1.846	10.44	1
108	0.655939435	2.757	19.4	5
109	0.591846141	1.463	10.46	2
110	0.696607235	1.873	8.9	2
111	0.688914963	1.135	7.38	2
112	0.522700487	3.372	17.67	5
113	0.615244461	1.381	13.57	2
114	0.361134553	2.471	17.86	1
115	0.584116556	2.844	15.94	5
116	0.524489015	2.67	18.13	1
117	0.255862422	0.984720628	8.28	4
118	0.203049894	1.007	11.89	4
119	0.457872421	1.493	12.75	3
120	0.533530052	0.748773907	4.96	2
121	0.34008151	1.288	13.06	3
122	0.593380753	1.247	8.68	2
123	0.164649024	1.015	7.95	4
124	0.31486847	0.873083219	13.79	3
125	0.552504629	2.248	15.52	1
126	0.407986212	1.353	12.95	3
127	0.417991445	2.043	11.7	1
128	0.271457753	0.847374089	9.8	4
129	0.534398658	2.935	17.07	5
130	0.621334155	2.393	12.04	1
131	0.291636986	0.860788593	8.9	4
132	0.249071731	1.161	11.83	4
133	0.49333787	1.8	10.67	1
134	0.545765761	2.017	12.08	1
135	0.508644552	0.79011168	11.29	3
136	0.648163306	2.297	13.52	1
137	0.380708131	2.376	14.44	1
138	0.240765221	1.301	13	4
139	0.366643612	1.68	9.45	3
140	0.427962026	1.771	17.11	1
141	0.478089483	0.880722336	11.66	3
142	0.356682475	2.337	14.46	1
143	0.50990085	1.665	14.23	1
144	0.442390548	1.69	16.09	3
145	0.490266943	0.673712659	5.14	3
146	0.55297485	1.431	12.05	2
147	0.535874577	1.972	13.7	1
148	0.475122684	0.95577607	8.46	3
149	0.423037109	1.948	13.7	1
150	0.239510522	0.717339253	10	4
151	0.531101936	1.782	15.08	1
152	0.582916466	3.398	18.57	5
153	0.759306933	0.56957377	2.81	2
154	0.463926534	1.961	11.66	1
155	0.332843526	1.783	14.5	3
156	0.751809377	1.741	7.1	2
157	0.257359767	1.479	14.58	4
158	0.332865098	1.978	16.3	3
159	0.163909886	1.215	15.69	4
160	0.574789561	0.990022883	7.46	2
161	0.422597795	2.276	14.99	1
162	0.140434839	0.991151526	10.54	4
163	0.512166803	1.225	12.11	3
164	0.388635996	1.423	11.07	3
165	0.24350311	0.755439321	9.54	4
166	0.625629242	2.168	11.78	1
167	0.403911752	2.068	11.54	1
168	0.547944485	0.819784381	6.14	2
169	0.749949242	1.841	11.44	2
170	0.59394909	4.083	18.39	5
171	0.113125915	0.856534608	11.77	4
172	0.606880712	2.663	18.86	1
173	0.337814467	1.436	13.77	3
174	0.474523978	3.288	17.68	5
175	0.433121099	1.842	12.12	1
176	0.370109904	1.528	12.77	3
177	0.523439931	3.132	17.31	5
178	0.16141714	1.014	11.28	4
179	0.555777233	2.042	12.82	1
180	0.592724126	3.734	19.44	5
181	0.397089454	1.571	14.94	3
182	0.349583249	0.943301002	9.39	3
183	0.533161639	3.557	17.85	5
184	0.628627886	4.947	24.12	5
185	0.586826726	2.288	16.26	1
186	0.568773743	1.71	10.23	2
187	0.411259225	1.496	14.36	3
188	0.31477489	1.227	8.55	3
189	0.49491711	1.852	11.77	1
